battery 0.99438405 275 265 372 451
battery 0.9931104 387 409 571 524
battery 0.98843914 287 96 334 273
battery 0.98617876 516 286 610 461
battery 0.9816112 333 80 463 189
battery 0.9795735 44 348 190 518
battery 0.9409533 609 392 760 468
battery 0.9339717 540 59 672 244
battery 0.9110695 3 53 80 229
battery 0.8862677 103 86 249 217
battery 0.8855119 386 174 564 317
battery 0.8821971 167 454 273 600
battery 0.84124804 265 405 409 532
battery 0.8351406 121 224 272 349
can 0.8195205 397 174 565 312
battery 0.73899347 466 297 540 436
battery 0.7147765 644 109 762 276
