plastic 0.99541974 47 270 200 423
plastic 0.99301916 381 261 521 422
plastic 0.9921342 507 263 615 409
plastic 0.9804155 387 166 573 283
plastic 0.96329105 150 134 277 250
plastic 0.9531281 603 301 689 392
plastic 0.94953895 193 191 386 426
plastic 0.94368464 707 283 800 405
plastic 0.89789516 120 27 258 168
plastic 0.8893831 260 102 411 184
plastic 0.87755847 1 101 97 338
plastic 0.87219214 542 97 774 371
leaf 0.8641397 567 445 792 498
plastic 0.7794107 78 165 164 272
plastic 0.7725676 387 125 515 199
