battery 0.99438405 275 265 372 451
battery 0.9931103 387 409 571 524
battery 0.988439 287 96 334 273
battery 0.98617864 516 286 610 461
battery 0.9816113 333 80 463 189
battery 0.9795735 44 348 190 518
battery 0.9409538 609 392 760 468
battery 0.93397194 540 59 672 244
battery 0.9110695 3 53 80 229
battery 0.88626677 103 86 249 217
battery 0.8855119 386 174 564 317
battery 0.88219494 167 454 273 600
battery 0.84124744 265 405 409 532
battery 0.83514017 121 224 272 349
can 0.8195201 397 174 565 312
battery 0.73899436 466 297 540 436
battery 0.714775 644 109 762 276
