plastic 0.99541974 47 270 200 423
plastic 0.99301904 381 261 521 422
plastic 0.9921342 507 263 615 409
plastic 0.9804155 387 166 573 283
plastic 0.9632909 150 134 277 250
plastic 0.953128 603 301 689 392
plastic 0.94953895 193 191 386 426
plastic 0.9436845 707 283 800 405
plastic 0.89789486 120 27 258 168
plastic 0.88938236 260 102 411 184
plastic 0.8775583 1 101 97 338
plastic 0.87219185 542 97 774 371
leaf 0.86413914 567 445 792 498
plastic 0.7794104 78 165 164 272
plastic 0.77256846 387 125 515 199
